NPC 387 443 32 40 
NPC 432 446 32 40 
NPC 333 447 32 40 
NPC 381 449 32 40 
NPC 492 450 32 40 
NPC 437 450 32 40 
NPC 333 452 32 40 
NPC 367 456 32 40 
NPC 206 456 32 40 
NPC 459 458 32 40 
NPC 358 459 32 40 
NPC 421 460 32 40 
NPC 324 461 32 40 
NPC 454 464 32 40 
NPC 162 469 32 40 
NPC 466 470 32 40 
NPC 438 472 32 40 
NPC 144 472 32 40 
NPC 409 472 32 40 
NPC 228 476 32 40 
NPC 402 478 32 40 
NPC 383 483 32 40 
NPC 154 485 32 40 
NPC 468 487 32 40 
NPC 450 487 32 40 
NPC 388 490 32 40 
NPC 379 491 32 40 
NPC 248 494 32 40 
NPC 449 496 32 40 
NPC 349 496 32 40 
NPC 439 500 32 40 
NPC 383 500 32 40 
NPC 260 501 32 40 
NPC 384 505 32 40 
NPC 465 505 32 40 
NPC 408 505 32 40 
NPC 468 507 32 40 
NPC 226 508 32 40 
NPC 452 510 32 40 
NPC 378 511 32 40 
NPC 278 512 32 40 
NPC 437 515 32 40 
NPC 325 515 32 40 
NPC 367 519 32 40 
NPC 438 521 32 40 
NPC 326 525 32 40 
NPC 298 529 32 40 
NPC 464 533 32 40 
NPC 405 534 32 40 
NPC 467 537 32 40 
NPC 443 538 32 40 
NPC 491 542 32 40 
NPC 437 549 32 40 
NPC 389 550 32 40 
NPC 152 559 32 40 
NPC 442 565 32 40 
NPC 432 570 32 40 
NPC 456 570 32 40 
NPC 92 570 32 40 
NPC 378 573 32 40 
NPC 488 579 32 40 
NPC 454 585 32 40 
NPC 445 589 32 40 
NPC 221 591 32 40 
NPC 396 592 32 40 
NPC 344 592 32 40 
NPC 464 600 32 40 
NPC 454 602 32 40 
NPC 418 602 32 40 
NPC 467 606 32 40 
NPC 480 610 32 40 
NPC 451 613 32 40 
NPC 447 619 32 40 
NPC 143 626 32 40 
NPC 382 628 32 40 
NPC 464 630 32 40 
NPC 297 634 32 40 
NPC 322 640 32 40 
NPC 333 655 32 40 
NPC 486 657 32 40 
NPC 445 657 32 40 
NPC 418 661 32 40 
NPC 469 669 32 40 
NPC 194 669 32 40 
NPC 87 671 32 40 
NPC 438 681 32 40 
NPC 490 692 32 40 
NPC 423 693 32 40 
NPC 369 693 32 40 
NPC 483 700 32 40 
NPC 469 707 32 40 
NPC 256 711 32 40 
NPC 467 715 32 40 
NPC 397 720 32 40 
NPC 333 725 32 40 
NPC 456 733 32 40 
NPC 489 736 32 40 
NPC 252 317 32 40 
NPC 308 317 32 40 
NPC 387 319 32 40 
NPC 115 319 32 40 
NPC 344 319 32 40 
NPC 155 319 32 40 
NPC 203 320 32 40 
NPC 162 321 32 40 
NPC 336 323 32 40 
NPC 301 323 32 40 
NPC 263 325 32 40 
NPC 213 326 32 40 
NPC 219 328 32 40 
NPC 301 330 32 40 
NPC 436 330 32 40 
NPC 262 330 32 40 
NPC 380 331 32 40 
NPC 107 332 32 40 
NPC 355 334 32 40 
NPC 333 334 32 40 
NPC 451 335 32 40 
NPC 175 336 32 40 
NPC 176 336 32 40 
NPC 66 337 32 40 
NPC 348 338 32 40 
NPC 405 338 32 40 
NPC 342 340 32 40 
NPC 409 343 32 40 
NPC 56 344 32 40 
NPC 127 345 32 40 
NPC 242 345 32 40 
NPC 207 346 32 40 
NPC 283 348 32 40 
NPC 453 348 32 40 
NPC 311 349 32 40 
NPC 337 350 32 40 
NPC 145 352 32 40 
NPC 453 353 32 40 
NPC 144 354 32 40 
NPC 219 355 32 40 
NPC 342 355 32 40 
NPC 320 357 32 40 
NPC 344 359 32 40 
NPC 95 360 32 40 
NPC 313 360 32 40 
NPC 247 361 32 40 
NPC 379 362 32 40 
NPC 449 364 32 40 
NPC 271 365 32 40 
NPC 379 366 32 40 
NPC 394 366 32 40 
NPC 456 367 32 40 
NPC 202 368 32 40 
NPC 265 368 32 40 
NPC 415 369 32 40 
NPC 384 373 32 40 
NPC 246 375 32 40 
NPC 99 376 32 40 
NPC 349 376 32 40 
NPC 388 381 32 40 
NPC 154 381 32 40 
NPC 431 388 32 40 
NPC 437 388 32 40 
NPC 383 389 32 40 
NPC 414 389 32 40 
NPC 319 389 32 40 
NPC 411 389 32 40 
NPC 75 390 32 40 
NPC 145 391 32 40 
NPC 353 394 32 40 
NPC 502 397 32 40 
NPC 455 399 32 40 
NPC 330 399 32 40 
NPC 358 405 32 40 
NPC 333 408 32 40 
NPC 367 411 32 40 
NPC 451 411 32 40 
NPC 122 411 32 40 
NPC 458 415 32 40 
NPC 144 416 32 40 
NPC 113 418 32 40 
NPC 295 418 32 40 
NPC 482 419 32 40 
NPC 169 419 32 40 
NPC 94 420 32 40 
NPC 294 425 32 40 
NPC 439 425 32 40 
NPC 230 426 32 40 
NPC 465 431 32 40 
NPC 477 433 32 40 
NPC 306 433 32 40 
NPC 183 434 32 40 
NPC 195 434 32 40 
NPC 347 435 32 40 
NPC 415 436 32 40 
NPC 473 436 32 40 
NPC 452 436 32 40 
NPC 450 437 32 40 
NPC 363 438 32 40 
NPC 268 438 32 40 
NPC 365 440 32 40 
NPC 463 441 32 40 
NPC 321 441 32 40 